Cont Pot (V) at Lt Cont,Opt Pwr (mW) at Lt Mir,Opt Pwr (mW) at Rt Mir,Cont J Total (A/cm2) at Lt Cont,Cont J Total (A/cm2) at Rt Cont,Cont Pot (V) at Lt Cont,Cont Pot (V) at Rt Cont
0.0000e+00,0.0000e+00,0.0000e+00,0.0000e+00,0.0000e+00,0.0000e+00,0.0000e+00
1.0000e-02,2.1070e-29,8.4216e-30,3.9763e-13,3.9763e-13,1.0000e-02,0.0000e+00
2.0000e-02,5.2086e-29,2.0819e-29,8.3393e-13,8.3393e-13,2.0000e-02,0.0000e+00
3.0000e-02,9.7746e-29,3.9069e-29,1.3239e-12,1.3239e-12,3.0000e-02,0.0000e+00
4.0000e-02,1.6496e-28,6.5935e-29,1.8853e-12,1.8853e-12,4.0000e-02,0.0000e+00
5.0000e-02,2.6391e-28,1.0548e-28,2.5390e-12,2.5390e-12,5.0000e-02,0.0000e+00
6.0000e-02,4.0957e-28,1.6371e-28,3.3100e-12,3.3100e-12,6.0000e-02,0.0000e+00
7.0000e-02,6.2400e-28,2.4941e-28,4.2281e-12,4.2281e-12,7.0000e-02,0.0000e+00
8.0000e-02,9.3967e-28,3.7558e-28,5.3295e-12,5.3295e-12,8.0000e-02,0.0000e+00
9.0000e-02,1.4044e-27,5.6132e-28,6.6574e-12,6.6574e-12,9.0000e-02,0.0000e+00
1.0000e-01,2.0884e-27,8.3475e-28,8.2646e-12,8.2646e-12,1.0000e-01,0.0000e+00
1.1000e-01,3.0955e-27,1.2373e-27,1.0215e-11,1.0215e-11,1.1000e-01,0.0000e+00
1.2000e-01,4.5779e-27,1.8298e-27,1.2587e-11,1.2587e-11,1.2000e-01,0.0000e+00
1.3000e-01,6.7602e-27,2.7021e-27,1.5475e-11,1.5475e-11,1.3000e-01,0.0000e+00
1.4000e-01,9.9728e-27,3.9861e-27,1.8995e-11,1.8995e-11,1.4000e-01,0.0000e+00
1.5000e-01,1.4702e-26,5.8764e-27,2.3289e-11,2.3289e-11,1.5000e-01,0.0000e+00
1.6000e-01,2.1664e-26,8.6592e-27,2.8530e-11,2.8530e-11,1.6000e-01,0.0000e+00
1.7000e-01,3.1913e-26,1.2756e-26,3.4929e-11,3.4929e-11,1.7000e-01,0.0000e+00
1.8000e-01,4.7000e-26,1.8786e-26,4.2746e-11,4.2746e-11,1.8000e-01,0.0000e+00
1.9000e-01,6.9210e-26,2.7663e-26,5.2298e-11,5.2298e-11,1.9000e-01,0.0000e+00
2.0000e-01,1.0191e-25,4.0732e-26,6.3973e-11,6.3973e-11,2.0000e-01,0.0000e+00
2.1000e-01,1.5004e-25,5.9970e-26,7.8246e-11,7.8246e-11,2.1000e-01,0.0000e+00
2.2000e-01,2.2089e-25,8.8291e-26,9.5699e-11,9.5699e-11,2.2000e-01,0.0000e+00
2.3000e-01,3.2520e-25,1.2998e-25,1.1705e-10,1.1705e-10,2.3000e-01,0.0000e+00
2.4000e-01,4.7875e-25,1.9135e-25,1.4317e-10,1.4317e-10,2.4000e-01,0.0000e+00
2.5000e-01,7.0479e-25,2.8170e-25,1.7513e-10,1.7513e-10,2.5000e-01,0.0000e+00
2.6000e-01,1.0375e-24,4.1470e-25,2.1424e-10,2.1424e-10,2.6000e-01,0.0000e+00
2.7000e-01,1.5274e-24,6.1050e-25,2.6213e-10,2.6213e-10,2.7000e-01,0.0000e+00
2.8000e-01,2.2485e-24,8.9872e-25,3.2077e-10,3.2077e-10,2.8000e-01,0.0000e+00
2.9000e-01,3.3100e-24,1.3230e-24,3.9259e-10,3.9259e-10,2.9000e-01,0.0000e+00
3.0000e-01,4.8727e-24,1.9476e-24,4.8058e-10,4.8058e-10,3.0000e-01,0.0000e+00
3.1000e-01,7.1732e-24,2.8671e-24,5.8839e-10,5.8839e-10,3.1000e-01,0.0000e+00
3.2000e-01,1.0560e-23,4.2207e-24,7.2054e-10,7.2054e-10,3.2000e-01,0.0000e+00
3.3000e-01,1.5545e-23,6.2133e-24,8.8254e-10,8.8254e-10,3.3000e-01,0.0000e+00
3.4000e-01,2.2884e-23,9.1467e-24,1.0812e-09,1.0812e-09,3.4000e-01,0.0000e+00
3.5000e-01,3.3688e-23,1.3465e-23,1.3249e-09,1.3249e-09,3.5000e-01,0.0000e+00
3.6000e-01,4.9592e-23,1.9822e-23,1.6238e-09,1.6238e-09,3.6000e-01,0.0000e+00
3.7000e-01,7.3004e-23,2.9180e-23,1.9907e-09,1.9907e-09,3.7000e-01,0.0000e+00
3.8000e-01,1.0747e-22,4.2955e-23,2.4411e-09,2.4411e-09,3.8000e-01,0.0000e+00
3.9000e-01,1.5821e-22,6.3235e-23,2.9941e-09,2.9941e-09,3.9000e-01,0.0000e+00
4.0000e-01,2.3290e-22,9.3088e-23,3.6733e-09,3.6733e-09,4.0000e-01,0.0000e+00
4.1000e-01,3.4285e-22,1.3704e-22,4.5078e-09,4.5078e-09,4.1000e-01,0.0000e+00
4.2000e-01,5.0470e-22,2.0173e-22,5.5334e-09,5.5334e-09,4.2000e-01,0.0000e+00
4.3000e-01,7.4298e-22,2.9697e-22,6.7941e-09,6.7941e-09,4.3000e-01,0.0000e+00
4.4000e-01,1.0937e-21,4.3717e-22,8.3444e-09,8.3444e-09,4.4000e-01,0.0000e+00
4.5000e-01,1.6101e-21,6.4356e-22,1.0251e-08,1.0251e-08,4.5000e-01,0.0000e+00
4.6000e-01,2.3702e-21,9.4738e-22,1.2598e-08,1.2598e-08,4.6000e-01,0.0000e+00
4.7000e-01,3.4892e-21,1.3946e-21,1.5486e-08,1.5486e-08,4.7000e-01,0.0000e+00
4.8000e-01,5.1365e-21,2.0531e-21,1.9043e-08,1.9043e-08,4.8000e-01,0.0000e+00
4.9000e-01,7.5614e-21,3.0223e-21,2.3424e-08,2.3424e-08,4.9000e-01,0.0000e+00
5.0000e-01,1.1131e-20,4.4491e-21,2.8822e-08,2.8821e-08,5.0000e-01,0.0000e+00
5.1000e-01,1.6386e-20,6.5496e-21,3.5475e-08,3.5475e-08,5.1000e-01,0.0000e+00
5.2000e-01,2.4122e-20,9.6417e-21,4.3680e-08,4.3680e-08,5.2000e-01,0.0000e+00
5.3000e-01,3.5510e-20,1.4194e-20,5.3802e-08,5.3802e-08,5.3000e-01,0.0000e+00
5.4000e-01,5.2275e-20,2.0894e-20,6.6292e-08,6.6292e-08,5.4000e-01,0.0000e+00
5.5000e-01,7.6954e-20,3.0759e-20,8.1714e-08,8.1714e-08,5.5000e-01,0.0000e+00
5.6000e-01,1.1328e-19,4.5280e-20,1.0076e-07,1.0076e-07,5.6000e-01,0.0000e+00
5.7000e-01,1.6677e-19,6.6657e-20,1.2430e-07,1.2430e-07,5.7000e-01,0.0000e+00
5.8000e-01,2.4550e-19,9.8125e-20,1.5340e-07,1.5340e-07,5.8000e-01,0.0000e+00
5.9000e-01,3.6140e-19,1.4445e-19,1.8939e-07,1.8939e-07,5.9000e-01,0.0000e+00
6.0000e-01,5.3201e-19,2.1265e-19,2.3392e-07,2.3392e-07,6.0000e-01,0.0000e+00
6.1000e-01,7.8318e-19,3.1304e-19,2.8906e-07,2.8906e-07,6.1000e-01,0.0000e+00
6.2000e-01,1.1529e-18,4.6082e-19,3.5736e-07,3.5736e-07,6.2000e-01,0.0000e+00
6.3000e-01,1.6972e-18,6.7838e-19,4.4200e-07,4.4200e-07,6.3000e-01,0.0000e+00
6.4000e-01,2.4985e-18,9.9864e-19,5.4697e-07,5.4697e-07,6.4000e-01,0.0000e+00
6.5000e-01,3.6780e-18,1.4701e-18,6.7720e-07,6.7721e-07,6.5000e-01,0.0000e+00
6.6000e-01,5.4144e-18,2.1641e-18,8.3889e-07,8.3889e-07,6.6000e-01,0.0000e+00
6.7000e-01,7.9706e-18,3.1858e-18,1.0397e-06,1.0397e-06,6.7000e-01,0.0000e+00
6.8000e-01,1.1734e-17,4.6899e-18,1.2894e-06,1.2894e-06,6.8000e-01,0.0000e+00
6.9000e-01,1.7273e-17,6.9040e-18,1.6000e-06,1.6000e-06,6.9000e-01,0.0000e+00
7.0000e-01,2.5428e-17,1.0163e-17,1.9865e-06,1.9865e-06,7.0000e-01,0.0000e+00
7.1000e-01,3.7432e-17,1.4962e-17,2.4679e-06,2.4679e-06,7.1000e-01,0.0000e+00
7.2000e-01,5.5104e-17,2.2025e-17,3.0679e-06,3.0679e-06,7.2000e-01,0.0000e+00
7.3000e-01,8.1119e-17,3.2423e-17,3.8163e-06,3.8163e-06,7.3000e-01,0.0000e+00
7.4000e-01,1.1942e-16,4.7730e-17,4.7504e-06,4.7504e-06,7.4000e-01,0.0000e+00
7.5000e-01,1.7579e-16,7.0264e-17,5.9173e-06,5.9173e-06,7.5000e-01,0.0000e+00
7.6000e-01,2.5878e-16,1.0344e-16,7.3761e-06,7.3761e-06,7.6000e-01,0.0000e+00
7.7000e-01,3.8096e-16,1.5227e-16,9.2012e-06,9.2012e-06,7.7000e-01,0.0000e+00
7.8000e-01,5.6081e-16,2.2416e-16,1.1487e-05,1.1487e-05,7.8000e-01,0.0000e+00
7.9000e-01,8.2557e-16,3.2998e-16,1.4351e-05,1.4351e-05,7.9000e-01,0.0000e+00
8.0000e-01,1.2153e-15,4.8577e-16,1.7943e-05,1.7943e-05,8.0000e-01,0.0000e+00
8.1000e-01,1.7891e-15,7.1510e-16,2.2452e-05,2.2452e-05,8.1000e-01,0.0000e+00
8.2000e-01,2.6338e-15,1.0527e-15,2.8117e-05,2.8117e-05,8.2000e-01,0.0000e+00
8.3000e-01,3.8772e-15,1.5497e-15,3.5242e-05,3.5242e-05,8.3000e-01,0.0000e+00
8.4000e-01,5.7076e-15,2.2813e-15,4.4209e-05,4.4209e-05,8.4000e-01,0.0000e+00
8.5000e-01,8.4023e-15,3.3584e-15,5.5505e-05,5.5505e-05,8.5000e-01,0.0000e+00
8.6000e-01,1.2369e-14,4.9439e-15,6.9748e-05,6.9748e-05,8.6000e-01,0.0000e+00
8.7000e-01,1.8209e-14,7.2780e-15,8.7722e-05,8.7722e-05,8.7000e-01,0.0000e+00
8.8000e-01,2.6805e-14,1.0714e-14,1.1042e-04,1.1042e-04,8.8000e-01,0.0000e+00
8.9000e-01,3.9461e-14,1.5772e-14,1.3912e-04,1.3912e-04,8.9000e-01,0.0000e+00
9.0000e-01,5.8090e-14,2.3219e-14,1.7544e-04,1.7544e-04,9.0000e-01,0.0000e+00
9.1000e-01,8.5516e-14,3.4181e-14,2.2142e-04,2.2142e-04,9.1000e-01,0.0000e+00
9.2000e-01,1.2589e-13,5.0318e-14,2.7970e-04,2.7970e-04,9.2000e-01,0.0000e+00
9.3000e-01,1.8532e-13,7.4074e-14,3.5362e-04,3.5362e-04,9.3000e-01,0.0000e+00
9.4000e-01,2.7282e-13,1.0905e-13,4.4744e-04,4.4744e-04,9.4000e-01,0.0000e+00
9.5000e-01,4.0162e-13,1.6053e-13,5.6662e-04,5.6662e-04,9.5000e-01,0.0000e+00
9.6000e-01,5.9124e-13,2.3632e-13,7.1809e-04,7.1809e-04,9.6000e-01,0.0000e+00
9.7000e-01,8.7038e-13,3.4789e-13,9.1074e-04,9.1074e-04,9.7000e-01,0.0000e+00
9.8000e-01,1.2813e-12,5.1214e-13,1.1559e-03,1.1559e-03,9.8000e-01,0.0000e+00
9.9000e-01,1.8862e-12,7.5393e-13,1.4680e-03,1.4680e-03,9.9000e-01,0.0000e+00
1.0000e+00,2.7768e-12,1.1099e-12,1.8655e-03,1.8655e-03,1.0000e+00,0.0000e+00
1.0100e+00,4.0878e-12,1.6339e-12,2.3719e-03,2.3719e-03,1.0100e+00,0.0000e+00
1.0200e+00,6.0178e-12,2.4053e-12,3.0172e-03,3.0172e-03,1.0200e+00,0.0000e+00
1.0300e+00,8.8590e-12,3.5409e-12,3.8397e-03,3.8397e-03,1.0300e+00,0.0000e+00
1.0400e+00,1.3042e-11,5.2127e-12,4.8880e-03,4.8880e-03,1.0400e+00,0.0000e+00
1.0500e+00,1.9199e-11,7.6739e-12,6.2242e-03,6.2242e-03,1.0500e+00,0.0000e+00
1.0600e+00,2.8264e-11,1.1297e-11,7.9270e-03,7.9271e-03,1.0600e+00,0.0000e+00
1.0700e+00,4.1609e-11,1.6631e-11,1.0097e-02,1.0097e-02,1.0700e+00,0.0000e+00
1.0800e+00,6.1255e-11,2.4484e-11,1.2862e-02,1.2862e-02,1.0800e+00,0.0000e+00
1.0900e+00,9.0179e-11,3.6044e-11,1.6384e-02,1.6384e-02,1.0900e+00,0.0000e+00
1.1000e+00,1.3276e-10,5.3064e-11,2.0869e-02,2.0869e-02,1.1000e+00,0.0000e+00
1.1100e+00,1.9545e-10,7.8121e-11,2.6582e-02,2.6582e-02,1.1100e+00,0.0000e+00
1.1200e+00,2.8775e-10,1.1501e-10,3.3856e-02,3.3856e-02,1.1200e+00,0.0000e+00
1.1300e+00,4.2364e-10,1.6933e-10,4.3121e-02,4.3121e-02,1.1300e+00,0.0000e+00
1.1400e+00,6.2372e-10,2.4930e-10,5.4923e-02,5.4923e-02,1.1400e+00,0.0000e+00
1.1500e+00,9.1833e-10,3.6706e-10,6.9960e-02,6.9960e-02,1.1500e+00,0.0000e+00
1.1600e+00,1.3522e-09,5.4047e-10,8.9124e-02,8.9124e-02,1.1600e+00,0.0000e+00
1.1700e+00,1.9911e-09,7.9584e-10,1.1355e-01,1.1355e-01,1.1700e+00,0.0000e+00
1.1800e+00,2.9322e-09,1.1720e-09,1.4471e-01,1.4471e-01,1.1800e+00,0.0000e+00
1.1900e+00,4.3184e-09,1.7261e-09,1.8443e-01,1.8443e-01,1.1900e+00,0.0000e+00
1.2000e+00,6.3609e-09,2.5425e-09,2.3509e-01,2.3509e-01,1.2000e+00,0.0000e+00
1.2100e+00,9.3710e-09,3.7456e-09,2.9968e-01,2.9968e-01,1.2100e+00,0.0000e+00
1.2200e+00,1.3808e-08,5.5191e-09,3.8204e-01,3.8204e-01,1.2200e+00,0.0000e+00
1.2300e+00,2.0352e-08,8.1345e-09,4.8704e-01,4.8704e-01,1.2300e+00,0.0000e+00
1.2400e+00,3.0005e-08,1.1993e-08,6.2088e-01,6.2088e-01,1.2400e+00,0.0000e+00
1.2500e+00,4.4254e-08,1.7688e-08,7.9145e-01,7.9145e-01,1.2500e+00,0.0000e+00
1.2600e+00,6.5298e-08,2.6100e-08,1.0087e+00,1.0087e+00,1.2600e+00,0.0000e+00
1.2700e+00,9.6404e-08,3.8533e-08,1.2854e+00,1.2854e+00,1.2700e+00,0.0000e+00
1.2800e+00,1.4242e-07,5.6925e-08,1.6375e+00,1.6375e+00,1.2800e+00,0.0000e+00
1.2900e+00,2.1056e-07,8.4162e-08,2.0856e+00,2.0856e+00,1.2900e+00,0.0000e+00
1.3000e+00,3.1160e-07,1.2455e-07,2.6560e+00,2.6560e+00,1.3000e+00,0.0000e+00
1.3100e+00,4.6159e-07,1.8450e-07,3.3833e+00,3.3833e+00,1.3100e+00,0.0000e+00
1.3200e+00,6.8460e-07,2.7364e-07,4.3122e+00,4.3122e+00,1.3200e+00,0.0000e+00
1.3300e+00,1.0167e-06,4.0637e-07,5.5019e+00,5.5019e+00,1.3300e+00,0.0000e+00
1.3400e+00,1.5120e-06,6.0434e-07,7.0295e+00,7.0295e+00,1.3400e+00,0.0000e+00
1.3500e+00,2.2518e-06,9.0006e-07,8.9950e+00,8.9950e+00,1.3500e+00,0.0000e+00
1.3600e+00,3.3587e-06,1.3425e-06,1.1526e+01,1.1526e+01,1.3600e+00,0.0000e+00
1.3700e+00,5.0165e-06,2.0051e-06,1.4784e+01,1.4784e+01,1.3700e+00,0.0000e+00
1.3800e+00,7.5019e-06,2.9985e-06,1.8965e+01,1.8965e+01,1.3800e+00,0.0000e+00
1.3900e+00,1.1230e-05,4.4887e-06,2.4307e+01,2.4307e+01,1.3900e+00,0.0000e+00
1.4000e+00,1.6823e-05,6.7243e-06,3.1085e+01,3.1085e+01,1.4000e+00,0.0000e+00
1.4100e+00,2.5213e-05,1.0078e-05,3.9606e+01,3.9606e+01,1.4100e+00,0.0000e+00
1.4200e+00,3.7796e-05,1.5107e-05,5.0204e+01,5.0204e+01,1.4200e+00,0.0000e+00
1.4300e+00,5.6672e-05,2.2652e-05,6.3226e+01,6.3226e+01,1.4300e+00,0.0000e+00
1.4400e+00,8.5033e-05,3.3988e-05,7.9020e+01,7.9020e+01,1.4400e+00,0.0000e+00
1.4500e+00,1.2781e-04,5.1087e-05,9.7923e+01,9.7923e+01,1.4500e+00,0.0000e+00
1.4600e+00,1.9287e-04,7.7091e-05,1.2025e+02,1.2025e+02,1.4600e+00,0.0000e+00
1.4700e+00,2.9328e-04,1.1722e-04,1.4631e+02,1.4631e+02,1.4700e+00,0.0000e+00
1.4800e+00,4.5219e-04,1.8074e-04,1.7639e+02,1.7639e+02,1.4800e+00,0.0000e+00
1.4900e+00,7.1454e-04,2.8560e-04,2.1078e+02,2.1078e+02,1.4900e+00,0.0000e+00
1.5000e+00,1.1797e-03,4.7151e-04,2.4987e+02,2.4987e+02,1.5000e+00,0.0000e+00
1.5100e+00,2.1157e-03,8.4565e-04,2.9428e+02,2.9428e+02,1.5100e+00,0.0000e+00
1.5200e+00,4.5313e-03,1.8112e-03,3.4585e+02,3.4585e+02,1.5200e+00,0.0000e+00
1.5300e+00,1.4672e-02,5.8644e-03,4.1489e+02,4.1489e+02,1.5300e+00,0.0000e+00
1.5400e+00,4.2278e-02,1.6898e-02,5.1758e+02,5.1758e+02,1.5400e+00,0.0000e+00
1.5500e+00,9.5931e-02,3.8344e-02,6.6155e+02,6.6155e+02,1.5500e+00,0.0000e+00
1.5600e+00,1.4949e-01,5.9751e-02,8.0527e+02,8.0527e+02,1.5600e+00,0.0000e+00
1.5700e+00,2.0294e-01,8.1114e-02,9.4869e+02,9.4869e+02,1.5700e+00,0.0000e+00
1.5800e+00,2.5626e-01,1.0243e-01,1.0918e+03,1.0918e+03,1.5800e+00,0.0000e+00
1.5900e+00,3.1184e-01,1.2464e-01,1.2364e+03,1.2364e+03,1.5900e+00,0.0000e+00
1.6000e+00,3.6242e-01,1.4486e-01,1.3766e+03,1.3766e+03,1.6000e+00,0.0000e+00
1.6100e+00,4.1522e-01,1.6596e-01,1.5183e+03,1.5183e+03,1.6100e+00,0.0000e+00
1.6200e+00,4.6780e-01,1.8698e-01,1.6594e+03,1.6594e+03,1.6200e+00,0.0000e+00
1.6300e+00,5.2013e-01,2.0790e-01,1.7998e+03,1.7998e+03,1.6300e+00,0.0000e+00
1.6400e+00,5.7218e-01,2.2870e-01,1.9395e+03,1.9395e+03,1.6400e+00,0.0000e+00
1.6500e+00,6.2392e-01,2.4938e-01,2.0783e+03,2.0783e+03,1.6500e+00,0.0000e+00
1.6600e+00,6.7532e-01,2.6993e-01,2.2162e+03,2.2162e+03,1.6600e+00,0.0000e+00
1.6700e+00,7.2634e-01,2.9032e-01,2.3531e+03,2.3531e+03,1.6700e+00,0.0000e+00
1.6800e+00,7.7695e-01,3.1055e-01,2.4889e+03,2.4889e+03,1.6800e+00,0.0000e+00
1.6900e+00,8.2711e-01,3.3059e-01,2.6235e+03,2.6235e+03,1.6900e+00,0.0000e+00
1.7000e+00,8.7678e-01,3.5045e-01,2.7567e+03,2.7567e+03,1.7000e+00,0.0000e+00
1.7100e+00,9.2593e-01,3.7009e-01,2.8886e+03,2.8886e+03,1.7100e+00,0.0000e+00
1.7200e+00,9.7451e-01,3.8951e-01,3.0190e+03,3.0190e+03,1.7200e+00,0.0000e+00
1.7300e+00,1.0225e+00,4.0869e-01,3.1477e+03,3.1477e+03,1.7300e+00,0.0000e+00
1.7400e+00,1.0699e+00,4.2762e-01,3.2748e+03,3.2748e+03,1.7400e+00,0.0000e+00
1.7500e+00,1.1166e+00,4.4629e-01,3.4001e+03,3.4001e+03,1.7500e+00,0.0000e+00
1.7600e+00,1.1626e+00,4.6468e-01,3.5235e+03,3.5235e+03,1.7600e+00,0.0000e+00
1.7700e+00,1.2079e+00,4.8279e-01,3.6450e+03,3.6451e+03,1.7700e+00,0.0000e+00
1.7800e+00,1.2525e+00,5.0061e-01,3.7647e+03,3.7647e+03,1.7800e+00,0.0000e+00
1.7900e+00,1.2963e+00,5.1814e-01,3.8823e+03,3.8823e+03,1.7900e+00,0.0000e+00
1.8000e+00,1.3394e+00,5.3538e-01,3.9980e+03,3.9980e+03,1.8000e+00,0.0000e+00
1.8100e+00,1.3819e+00,5.5233e-01,4.1118e+03,4.1118e+03,1.8100e+00,0.0000e+00
1.8200e+00,1.4236e+00,5.6900e-01,4.2236e+03,4.2237e+03,1.8200e+00,0.0000e+00
1.8300e+00,1.4646e+00,5.8540e-01,4.3337e+03,4.3337e+03,1.8300e+00,0.0000e+00
1.8400e+00,1.5050e+00,6.0155e-01,4.4421e+03,4.4421e+03,1.8400e+00,0.0000e+00
1.8500e+00,1.5448e+00,6.1746e-01,4.5489e+03,4.5489e+03,1.8500e+00,0.0000e+00
1.8600e+00,1.5841e+00,6.3315e-01,4.6542e+03,4.6542e+03,1.8600e+00,0.0000e+00
1.8700e+00,1.6228e+00,6.4865e-01,4.7581e+03,4.7581e+03,1.8700e+00,0.0000e+00
1.8800e+00,1.6612e+00,6.6396e-01,4.8609e+03,4.8609e+03,1.8800e+00,0.0000e+00
1.8900e+00,1.6991e+00,6.7913e-01,4.9626e+03,4.9626e+03,1.8900e+00,0.0000e+00
1.9000e+00,1.7367e+00,6.9415e-01,5.0635e+03,5.0635e+03,1.9000e+00,0.0000e+00
1.9100e+00,1.7740e+00,7.0907e-01,5.1635e+03,5.1635e+03,1.9100e+00,0.0000e+00
1.9200e+00,1.8111e+00,7.2389e-01,5.2630e+03,5.2630e+03,1.9200e+00,0.0000e+00
1.9300e+00,1.8480e+00,7.3864e-01,5.3619e+03,5.3619e+03,1.9300e+00,0.0000e+00
1.9400e+00,1.8847e+00,7.5333e-01,5.4605e+03,5.4605e+03,1.9400e+00,0.0000e+00
1.9500e+00,1.9214e+00,7.6798e-01,5.5588e+03,5.5588e+03,1.9500e+00,0.0000e+00
1.9600e+00,1.9580e+00,7.8260e-01,5.6569e+03,5.6569e+03,1.9600e+00,0.0000e+00
1.9700e+00,1.9945e+00,7.9720e-01,5.7548e+03,5.7548e+03,1.9700e+00,0.0000e+00
1.9800e+00,2.0310e+00,8.1180e-01,5.8528e+03,5.8528e+03,1.9800e+00,0.0000e+00
1.9900e+00,2.0675e+00,8.2640e-01,5.9507e+03,5.9507e+03,1.9900e+00,0.0000e+00
2.0000e+00,2.1041e+00,8.4101e-01,6.0488e+03,6.0488e+03,2.0000e+00,0.0000e+00
