Cont Pot (V) at Lt Cont,Opt Pwr (mW) at Lt Mir,Opt Pwr (mW) at Rt Mir,Cont J Total (A/cm2) at Lt Cont,Cont J Total (A/cm2) at Rt Cont,Cont Built Pot (V) at Lt Cont,Cont Built Pot (V) at Rt Cont
1.0000e+00,1.5953e-11,9.5621e-12,6.3881e-03,6.3881e-03,-3.6749e-16,1.5532e+00
1.0500e+00,1.1025e-10,6.6083e-11,1.9958e-02,1.9958e-02,-3.6749e-16,1.5532e+00
1.1000e+00,7.6166e-10,4.5654e-10,6.4691e-02,6.4690e-02,-3.6749e-16,1.5532e+00
1.1500e+00,5.2585e-09,3.1519e-09,2.1782e-01,2.1782e-01,-3.6749e-16,1.5532e+00
1.2000e+00,3.6253e-08,2.1730e-08,7.4500e-01,7.4500e-01,-3.6749e-16,1.5532e+00
1.2500e+00,2.4897e-07,1.4923e-07,2.4691e+00,2.4691e+00,-3.6749e-16,1.5532e+00
1.3000e+00,1.6877e-06,1.0116e-06,7.9709e+00,7.9709e+00,-3.6749e-16,1.5532e+00
1.3500e+00,1.0908e-05,6.5384e-06,2.6197e+01,2.6197e+01,-3.6749e-16,1.5532e+00
1.4000e+00,6.1080e-05,3.6611e-05,8.1311e+01,8.1311e+01,-3.6749e-16,1.5532e+00
1.4500e+00,2.5861e-04,1.5501e-04,2.0779e+02,2.0779e+02,-3.6749e-16,1.5532e+00
1.5000e+00,7.9301e-04,4.7533e-04,4.2256e+02,4.2256e+02,-3.6749e-16,1.5532e+00
1.5500e+00,1.8730e-03,1.1227e-03,7.2049e+02,7.2049e+02,-3.6749e-16,1.5532e+00
1.6000e+00,3.6739e-03,2.2021e-03,1.0882e+03,1.0882e+03,-3.6749e-16,1.5532e+00
1.6500e+00,6.3200e-03,3.7882e-03,1.5106e+03,1.5106e+03,-3.6749e-16,1.5532e+00
1.7000e+00,9.8862e-03,5.9258e-03,1.9725e+03,1.9725e+03,-3.6749e-16,1.5532e+00
1.7500e+00,1.4405e-02,8.6345e-03,2.4606e+03,2.4606e+03,-3.6749e-16,1.5532e+00
1.8000e+00,1.9878e-02,1.1915e-02,2.9636e+03,2.9636e+03,-3.6749e-16,1.5532e+00
1.8500e+00,2.6282e-02,1.5753e-02,3.4723e+03,3.4723e+03,-3.6749e-16,1.5532e+00
1.9000e+00,3.3590e-02,2.0134e-02,3.9803e+03,3.9803e+03,-3.6749e-16,1.5532e+00
1.9500e+00,4.1787e-02,2.5047e-02,4.4839e+03,4.4839e+03,-3.6749e-16,1.5532e+00
2.0000e+00,5.0893e-02,3.0505e-02,4.9825e+03,4.9825e+03,-3.6749e-16,1.5532e+00
2.0500e+00,6.0971e-02,3.6546e-02,5.4772e+03,5.4772e+03,-3.6749e-16,1.5532e+00
2.1000e+00,7.2119e-02,4.3228e-02,5.9700e+03,5.9700e+03,-3.6749e-16,1.5532e+00
2.1500e+00,8.4459e-02,5.0625e-02,6.4629e+03,6.4629e+03,-3.6749e-16,1.5532e+00
2.2000e+00,9.8120e-02,5.8813e-02,6.9570e+03,6.9569e+03,-3.6749e-16,1.5532e+00
2.2500e+00,1.1324e-01,6.7875e-02,7.4529e+03,7.4529e+03,-3.6749e-16,1.5532e+00
2.3000e+00,1.2995e-01,7.7892e-02,7.9508e+03,7.9507e+03,-3.6749e-16,1.5532e+00
2.3500e+00,1.4840e-01,8.8950e-02,8.4502e+03,8.4501e+03,-3.6749e-16,1.5532e+00
2.4000e+00,1.6872e-01,1.0113e-01,8.9506e+03,8.9506e+03,-3.6749e-16,1.5532e+00
2.4500e+00,1.9107e-01,1.1453e-01,9.4516e+03,9.4516e+03,-3.6749e-16,1.5532e+00
2.5000e+00,2.1559e-01,1.2923e-01,9.9523e+03,9.9524e+03,-3.6749e-16,1.5532e+00
2.5500e+00,2.4243e-01,1.4531e-01,1.0452e+04,1.0452e+04,-3.6749e-16,1.5532e+00
2.6000e+00,2.7174e-01,1.6288e-01,1.0950e+04,1.0950e+04,-3.6749e-16,1.5532e+00
2.6500e+00,3.0366e-01,1.8201e-01,1.1446e+04,1.1446e+04,-3.6749e-16,1.5532e+00
2.7000e+00,3.3832e-01,2.0279e-01,1.1939e+04,1.1939e+04,-3.6749e-16,1.5532e+00
2.7500e+00,3.7585e-01,2.2528e-01,1.2428e+04,1.2428e+04,-3.6749e-16,1.5532e+00
2.8000e+00,4.1634e-01,2.4955e-01,1.2912e+04,1.2912e+04,-3.6749e-16,1.5532e+00
2.8500e+00,4.5988e-01,2.7565e-01,1.3393e+04,1.3393e+04,-3.6749e-16,1.5532e+00
2.9000e+00,5.0654e-01,3.0362e-01,1.3868e+04,1.3868e+04,-3.6749e-16,1.5532e+00
2.9500e+00,5.5634e-01,3.3347e-01,1.4337e+04,1.4337e+04,-3.6749e-16,1.5532e+00
3.0000e+00,6.0931e-01,3.6522e-01,1.4801e+04,1.4801e+04,-3.6749e-16,1.5532e+00
3.0500e+00,6.6542e-01,3.9885e-01,1.5259e+04,1.5259e+04,-3.6749e-16,1.5532e+00
3.1000e+00,7.2463e-01,4.3434e-01,1.5712e+04,1.5712e+04,-3.6749e-16,1.5532e+00
3.1500e+00,7.8688e-01,4.7165e-01,1.6159e+04,1.6159e+04,-3.6749e-16,1.5532e+00
3.2000e+00,8.5207e-01,5.1073e-01,1.6600e+04,1.6600e+04,-3.6749e-16,1.5532e+00
3.2500e+00,9.2011e-01,5.5151e-01,1.7035e+04,1.7035e+04,-3.6749e-16,1.5532e+00
3.3000e+00,9.9087e-01,5.9393e-01,1.7466e+04,1.7466e+04,-3.6749e-16,1.5532e+00
3.3500e+00,1.0642e+00,6.3790e-01,1.7892e+04,1.7892e+04,-3.6749e-16,1.5532e+00
3.4000e+00,1.1401e+00,6.8336e-01,1.8313e+04,1.8313e+04,-3.6749e-16,1.5532e+00
3.4500e+00,1.2182e+00,7.3022e-01,1.8730e+04,1.8730e+04,-3.6749e-16,1.5532e+00
3.5000e+00,1.2986e+00,7.7839e-01,1.9143e+04,1.9143e+04,-3.6749e-16,1.5532e+00
3.5500e+00,1.3811e+00,8.2780e-01,1.9552e+04,1.9553e+04,-3.6749e-16,1.5532e+00
3.6000e+00,1.4654e+00,8.7838e-01,1.9959e+04,1.9959e+04,-3.6749e-16,1.5532e+00
3.6500e+00,1.5516e+00,9.3005e-01,2.0362e+04,2.0362e+04,-3.6749e-16,1.5532e+00
3.7000e+00,1.6395e+00,9.8273e-01,2.0763e+04,2.0763e+04,-3.6749e-16,1.5532e+00
3.7500e+00,1.7290e+00,1.0364e+00,2.1161e+04,2.1161e+04,-3.6749e-16,1.5532e+00
3.8000e+00,1.8200e+00,1.0909e+00,2.1557e+04,2.1557e+04,-3.6749e-16,1.5532e+00
3.8500e+00,1.9124e+00,1.1463e+00,2.1951e+04,2.1951e+04,-3.6749e-16,1.5532e+00
3.9000e+00,2.0061e+00,1.2024e+00,2.2344e+04,2.2344e+04,-3.6749e-16,1.5532e+00
3.9500e+00,2.1010e+00,1.2593e+00,2.2735e+04,2.2735e+04,-3.6749e-16,1.5532e+00
4.0000e+00,2.1970e+00,1.3169e+00,2.3125e+04,2.3125e+04,-3.6749e-16,1.5532e+00
4.0500e+00,2.2942e+00,1.3751e+00,2.3514e+04,2.3514e+04,-3.6749e-16,1.5532e+00
4.1000e+00,2.3923e+00,1.4340e+00,2.3902e+04,2.3903e+04,-3.6749e-16,1.5532e+00
4.1500e+00,2.4914e+00,1.4934e+00,2.4290e+04,2.4290e+04,-3.6749e-16,1.5532e+00
4.2000e+00,2.5915e+00,1.5533e+00,2.4677e+04,2.4677e+04,-3.6749e-16,1.5532e+00
4.2500e+00,2.6924e+00,1.6138e+00,2.5063e+04,2.5063e+04,-3.6749e-16,1.5532e+00
4.3000e+00,2.7941e+00,1.6748e+00,2.5449e+04,2.5449e+04,-3.6749e-16,1.5532e+00
4.3500e+00,2.8966e+00,1.7362e+00,2.5834e+04,2.5834e+04,-3.6749e-16,1.5532e+00
4.4000e+00,2.9998e+00,1.7981e+00,2.6220e+04,2.6220e+04,-3.6749e-16,1.5532e+00
4.4500e+00,3.1037e+00,1.8604e+00,2.6605e+04,2.6605e+04,-3.6749e-16,1.5532e+00
4.5000e+00,3.2083e+00,1.9231e+00,2.6990e+04,2.6991e+04,-3.6749e-16,1.5532e+00
4.5500e+00,3.3136e+00,1.9861e+00,2.7376e+04,2.7376e+04,-3.6749e-16,1.5532e+00
4.6000e+00,3.4194e+00,2.0496e+00,2.7761e+04,2.7761e+04,-3.6749e-16,1.5532e+00
4.6500e+00,3.5259e+00,2.1134e+00,2.8147e+04,2.8147e+04,-3.6749e-16,1.5532e+00
4.7000e+00,3.6329e+00,2.1776e+00,2.8533e+04,2.8533e+04,-3.6749e-16,1.5532e+00
4.7500e+00,3.7405e+00,2.2421e+00,2.8919e+04,2.8919e+04,-3.6749e-16,1.5532e+00
4.8000e+00,3.8486e+00,2.3069e+00,2.9305e+04,2.9305e+04,-3.6749e-16,1.5532e+00
4.8500e+00,3.9573e+00,2.3720e+00,2.9692e+04,2.9692e+04,-3.6749e-16,1.5532e+00
4.9000e+00,4.0664e+00,2.4374e+00,3.0080e+04,3.0080e+04,-3.6749e-16,1.5532e+00
4.9500e+00,4.1760e+00,2.5031e+00,3.0467e+04,3.0467e+04,-3.6749e-16,1.5532e+00
5.0000e+00,4.2861e+00,2.5691e+00,3.0855e+04,3.0855e+04,-3.6749e-16,1.5532e+00
5.0500e+00,4.3966e+00,2.6353e+00,3.1244e+04,3.1244e+04,-3.6749e-16,1.5532e+00
5.1000e+00,4.5076e+00,2.7019e+00,3.1633e+04,3.1633e+04,-3.6749e-16,1.5532e+00
5.1500e+00,4.6191e+00,2.7687e+00,3.2023e+04,3.2023e+04,-3.6749e-16,1.5532e+00
5.2000e+00,4.7309e+00,2.8357e+00,3.2413e+04,3.2413e+04,-3.6749e-16,1.5532e+00
5.2500e+00,4.8432e+00,2.9030e+00,3.2804e+04,3.2804e+04,-3.6749e-16,1.5532e+00
5.3000e+00,4.9559e+00,2.9706e+00,3.3195e+04,3.3196e+04,-3.6749e-16,1.5532e+00
5.3500e+00,5.0690e+00,3.0383e+00,3.3587e+04,3.3587e+04,-3.6749e-16,1.5532e+00
5.4000e+00,5.1824e+00,3.1064e+00,3.3980e+04,3.3980e+04,-3.6749e-16,1.5532e+00
5.4500e+00,5.2963e+00,3.1746e+00,3.4373e+04,3.4373e+04,-3.6749e-16,1.5532e+00
5.5000e+00,5.4106e+00,3.2431e+00,3.4767e+04,3.4767e+04,-3.6749e-16,1.5532e+00
5.5500e+00,5.5252e+00,3.3118e+00,3.5162e+04,3.5162e+04,-3.6749e-16,1.5532e+00
5.6000e+00,5.6402e+00,3.3807e+00,3.5557e+04,3.5557e+04,-3.6749e-16,1.5532e+00
5.6500e+00,5.7555e+00,3.4498e+00,3.5954e+04,3.5953e+04,-3.6749e-16,1.5532e+00
5.7000e+00,5.8712e+00,3.5192e+00,3.6350e+04,3.6350e+04,-3.6749e-16,1.5532e+00
5.7500e+00,5.9873e+00,3.5888e+00,3.6748e+04,3.6748e+04,-3.6749e-16,1.5532e+00
5.8000e+00,6.1037e+00,3.6585e+00,3.7146e+04,3.7146e+04,-3.6749e-16,1.5532e+00
5.8500e+00,6.2204e+00,3.7285e+00,3.7545e+04,3.7545e+04,-3.6749e-16,1.5532e+00
5.9000e+00,6.3375e+00,3.7987e+00,3.7945e+04,3.7945e+04,-3.6749e-16,1.5532e+00
5.9500e+00,6.4550e+00,3.8691e+00,3.8346e+04,3.8346e+04,-3.6749e-16,1.5532e+00
6.0000e+00,6.5727e+00,3.9397e+00,3.8747e+04,3.8747e+04,-3.6749e-16,1.5532e+00
6.0500e+00,6.6909e+00,4.0105e+00,3.9149e+04,3.9149e+04,-3.6749e-16,1.5532e+00
6.1000e+00,6.8093e+00,4.0815e+00,3.9552e+04,3.9552e+04,-3.6749e-16,1.5532e+00
6.1500e+00,6.9281e+00,4.1527e+00,3.9956e+04,3.9956e+04,-3.6749e-16,1.5532e+00
6.2000e+00,7.0472e+00,4.2240e+00,4.0360e+04,4.0361e+04,-3.6749e-16,1.5532e+00
6.2500e+00,7.1666e+00,4.2956e+00,4.0766e+04,4.0766e+04,-3.6749e-16,1.5532e+00
6.3000e+00,7.2863e+00,4.3674e+00,4.1172e+04,4.1172e+04,-3.6749e-16,1.5532e+00
6.3500e+00,7.4064e+00,4.4394e+00,4.1579e+04,4.1579e+04,-3.6749e-16,1.5532e+00
6.4000e+00,7.5267e+00,4.5115e+00,4.1987e+04,4.1987e+04,-3.6749e-16,1.5532e+00
6.4500e+00,7.6474e+00,4.5838e+00,4.2396e+04,4.2396e+04,-3.6749e-16,1.5532e+00
6.5000e+00,7.7684e+00,4.6564e+00,4.2805e+04,4.2805e+04,-3.6749e-16,1.5532e+00
6.5500e+00,7.8897e+00,4.7291e+00,4.3215e+04,4.3216e+04,-3.6749e-16,1.5532e+00
6.6000e+00,8.0114e+00,4.8020e+00,4.3627e+04,4.3627e+04,-3.6749e-16,1.5532e+00
6.6500e+00,8.1333e+00,4.8751e+00,4.4039e+04,4.4039e+04,-3.6749e-16,1.5532e+00
6.7000e+00,8.2556e+00,4.9484e+00,4.4452e+04,4.4452e+04,-3.6749e-16,1.5532e+00
6.7500e+00,8.3781e+00,5.0218e+00,4.4866e+04,4.4866e+04,-3.6749e-16,1.5532e+00
6.8000e+00,8.5010e+00,5.0955e+00,4.5280e+04,4.5280e+04,-3.6749e-16,1.5532e+00
6.8500e+00,8.6242e+00,5.1693e+00,4.5696e+04,4.5696e+04,-3.6749e-16,1.5532e+00
6.9000e+00,8.7477e+00,5.2433e+00,4.6112e+04,4.6113e+04,-3.6749e-16,1.5532e+00
6.9500e+00,8.8714e+00,5.3175e+00,4.6530e+04,4.6530e+04,-3.6749e-16,1.5532e+00
7.0000e+00,8.9955e+00,5.3919e+00,4.6948e+04,4.6948e+04,-3.6749e-16,1.5532e+00
7.0500e+00,9.1199e+00,5.4665e+00,4.7367e+04,4.7367e+04,-3.6749e-16,1.5532e+00
7.1000e+00,9.2446e+00,5.5412e+00,4.7787e+04,4.7788e+04,-3.6749e-16,1.5532e+00
7.1500e+00,9.3696e+00,5.6162e+00,4.8208e+04,4.8208e+04,-3.6749e-16,1.5532e+00
7.2000e+00,9.4950e+00,5.6913e+00,4.8630e+04,4.8630e+04,-3.6749e-16,1.5532e+00
7.2500e+00,9.6206e+00,5.7666e+00,4.9053e+04,4.9053e+04,-3.6749e-16,1.5532e+00
7.3000e+00,9.7465e+00,5.8420e+00,4.9477e+04,4.9476e+04,-3.6749e-16,1.5532e+00
7.3500e+00,9.8727e+00,5.9177e+00,4.9901e+04,4.9901e+04,-3.6749e-16,1.5532e+00
7.4000e+00,9.9992e+00,5.9935e+00,5.0327e+04,5.0326e+04,-3.6749e-16,1.5532e+00
7.4500e+00,1.0126e+01,6.0695e+00,5.0753e+04,5.0753e+04,-3.6749e-16,1.5532e+00
7.5000e+00,1.0253e+01,6.1457e+00,5.1180e+04,5.1180e+04,-3.6749e-16,1.5532e+00
7.5500e+00,1.0381e+01,6.2221e+00,5.1609e+04,5.1609e+04,-3.6749e-16,1.5532e+00
7.6000e+00,1.0508e+01,6.2987e+00,5.2038e+04,5.2038e+04,-3.6749e-16,1.5532e+00
7.6500e+00,1.0636e+01,6.3754e+00,5.2468e+04,5.2468e+04,-3.6749e-16,1.5532e+00
7.7000e+00,1.0765e+01,6.4524e+00,5.2899e+04,5.2899e+04,-3.6749e-16,1.5532e+00
7.7500e+00,1.0893e+01,6.5295e+00,5.3331e+04,5.3331e+04,-3.6749e-16,1.5532e+00
7.8000e+00,1.1022e+01,6.6068e+00,5.3764e+04,5.3764e+04,-3.6749e-16,1.5532e+00
7.8500e+00,1.1152e+01,6.6842e+00,5.4198e+04,5.4198e+04,-3.6749e-16,1.5532e+00
7.9000e+00,1.1281e+01,6.7619e+00,5.4633e+04,5.4633e+04,-3.6749e-16,1.5532e+00
7.9500e+00,1.1411e+01,6.8397e+00,5.5069e+04,5.5069e+04,-3.6749e-16,1.5532e+00
8.0000e+00,1.1541e+01,6.9177e+00,5.5506e+04,5.5506e+04,-3.6749e-16,1.5532e+00
8.0500e+00,1.1672e+01,6.9959e+00,5.5944e+04,5.5944e+04,-3.6749e-16,1.5532e+00
8.1000e+00,1.1802e+01,7.0743e+00,5.6382e+04,5.6383e+04,-3.6749e-16,1.5532e+00
8.1500e+00,1.1933e+01,7.1529e+00,5.6822e+04,5.6823e+04,-3.6749e-16,1.5532e+00
8.2000e+00,1.2065e+01,7.2316e+00,5.7263e+04,5.7263e+04,-3.6749e-16,1.5532e+00
8.2500e+00,1.2196e+01,7.3105e+00,5.7705e+04,5.7705e+04,-3.6749e-16,1.5532e+00
8.3000e+00,1.2328e+01,7.3896e+00,5.8147e+04,5.8147e+04,-3.6749e-16,1.5532e+00
8.3500e+00,1.2461e+01,7.4689e+00,5.8591e+04,5.8591e+04,-3.6749e-16,1.5532e+00
8.4000e+00,1.2593e+01,7.5484e+00,5.9035e+04,5.9036e+04,-3.6749e-16,1.5532e+00
8.4500e+00,1.2726e+01,7.6281e+00,5.9481e+04,5.9481e+04,-3.6749e-16,1.5532e+00
8.5000e+00,1.2859e+01,7.7079e+00,5.9928e+04,5.9928e+04,-3.6749e-16,1.5532e+00
8.5500e+00,1.2993e+01,7.7879e+00,6.0375e+04,6.0376e+04,-3.6749e-16,1.5532e+00
8.6000e+00,1.3127e+01,7.8681e+00,6.0824e+04,6.0825e+04,-3.6749e-16,1.5532e+00
8.6500e+00,1.3261e+01,7.9485e+00,6.1274e+04,6.1274e+04,-3.6749e-16,1.5532e+00
8.7000e+00,1.3395e+01,8.0291e+00,6.1724e+04,6.1725e+04,-3.6749e-16,1.5532e+00
8.7500e+00,1.3530e+01,8.1099e+00,6.2176e+04,6.2176e+04,-3.6749e-16,1.5532e+00
8.8000e+00,1.3665e+01,8.1908e+00,6.2628e+04,6.2629e+04,-3.6749e-16,1.5532e+00
8.8500e+00,1.3800e+01,8.2719e+00,6.3082e+04,6.3082e+04,-3.6749e-16,1.5532e+00
8.9000e+00,1.3936e+01,8.3532e+00,6.3537e+04,6.3537e+04,-3.6749e-16,1.5532e+00
8.9500e+00,1.4072e+01,8.4347e+00,6.3992e+04,6.3993e+04,-3.6749e-16,1.5532e+00
9.0000e+00,1.4208e+01,8.5164e+00,6.4449e+04,6.4449e+04,-3.6749e-16,1.5532e+00
9.0500e+00,1.4345e+01,8.5983e+00,6.4907e+04,6.4907e+04,-3.6749e-16,1.5532e+00
9.1000e+00,1.4482e+01,8.6803e+00,6.5365e+04,6.5365e+04,-3.6749e-16,1.5532e+00
9.1500e+00,1.4619e+01,8.7626e+00,6.5825e+04,6.5825e+04,-3.6749e-16,1.5532e+00
9.2000e+00,1.4756e+01,8.8450e+00,6.6286e+04,6.6286e+04,-3.6749e-16,1.5532e+00
9.2500e+00,1.4894e+01,8.9276e+00,6.6747e+04,6.6748e+04,-3.6749e-16,1.5532e+00
9.3000e+00,1.5032e+01,9.0104e+00,6.7210e+04,6.7211e+04,-3.6749e-16,1.5532e+00
9.3500e+00,1.5171e+01,9.0934e+00,6.7674e+04,6.7674e+04,-3.6749e-16,1.5532e+00
9.4000e+00,1.5310e+01,9.1765e+00,6.8139e+04,6.8139e+04,-3.6749e-16,1.5532e+00
9.4500e+00,1.5449e+01,9.2599e+00,6.8605e+04,6.8605e+04,-3.6749e-16,1.5532e+00
9.5000e+00,1.5446e+01,9.2584e+00,6.9295e+04,6.9295e+04,-3.6749e-16,1.5532e+00
9.5500e+00,1.5586e+01,9.3423e+00,6.9762e+04,6.9762e+04,-3.6749e-16,1.5532e+00
9.6000e+00,1.5726e+01,9.4264e+00,7.0230e+04,7.0230e+04,-3.6749e-16,1.5532e+00
9.6500e+00,1.5867e+01,9.5106e+00,7.0698e+04,7.0698e+04,-3.6749e-16,1.5532e+00
9.7000e+00,1.6008e+01,9.5950e+00,7.1168e+04,7.1169e+04,-3.6749e-16,1.5532e+00
9.7500e+00,1.6149e+01,9.6797e+00,7.1639e+04,7.1639e+04,-3.6749e-16,1.5532e+00
9.8000e+00,1.6290e+01,9.7644e+00,7.2111e+04,7.2112e+04,-3.6749e-16,1.5532e+00
9.8500e+00,1.6432e+01,9.8494e+00,7.2584e+04,7.2584e+04,-3.6749e-16,1.5532e+00
9.9000e+00,1.6574e+01,9.9346e+00,7.3058e+04,7.3059e+04,-3.6749e-16,1.5532e+00
9.9500e+00,1.6717e+01,1.0020e+01,7.3533e+04,7.3534e+04,-3.6749e-16,1.5532e+00
1.0000e+01,1.6859e+01,1.0105e+01,7.4010e+04,7.4010e+04,-3.6749e-16,1.5532e+00
1.0050e+01,1.7002e+01,1.0191e+01,7.4487e+04,7.4487e+04,-3.6749e-16,1.5532e+00
1.0100e+01,1.7146e+01,1.0277e+01,7.4965e+04,7.4966e+04,-3.6749e-16,1.5532e+00
1.0150e+01,1.7289e+01,1.0363e+01,7.5445e+04,7.5445e+04,-3.6749e-16,1.5532e+00
1.0200e+01,1.7433e+01,1.0449e+01,7.5926e+04,7.5926e+04,-3.6749e-16,1.5532e+00
1.0250e+01,1.7577e+01,1.0536e+01,7.6407e+04,7.6408e+04,-3.6749e-16,1.5532e+00
1.0300e+01,1.7722e+01,1.0623e+01,7.6890e+04,7.6891e+04,-3.6749e-16,1.5532e+00
1.0350e+01,1.7867e+01,1.0709e+01,7.7374e+04,7.7374e+04,-3.6749e-16,1.5532e+00
1.0400e+01,1.8012e+01,1.0796e+01,7.7859e+04,7.7859e+04,-3.6749e-16,1.5532e+00
1.0450e+01,1.8158e+01,1.0884e+01,7.8345e+04,7.8345e+04,-3.6749e-16,1.5532e+00
1.0500e+01,1.8303e+01,1.0971e+01,7.8832e+04,7.8832e+04,-3.6749e-16,1.5532e+00
1.0550e+01,1.8450e+01,1.1059e+01,7.9320e+04,7.9320e+04,-3.6749e-16,1.5532e+00
1.0600e+01,1.8596e+01,1.1146e+01,7.9809e+04,7.9809e+04,-3.6749e-16,1.5532e+00
1.0650e+01,1.8743e+01,1.1234e+01,8.0299e+04,8.0300e+04,-3.6749e-16,1.5532e+00
1.0700e+01,1.8890e+01,1.1322e+01,8.0791e+04,8.0791e+04,-3.6749e-16,1.5532e+00
1.0750e+01,1.9037e+01,1.1411e+01,8.1283e+04,8.1284e+04,-3.6749e-16,1.5532e+00
1.0800e+01,1.9185e+01,1.1499e+01,8.1777e+04,8.1777e+04,-3.6749e-16,1.5532e+00
1.0850e+01,1.9333e+01,1.1588e+01,8.2272e+04,8.2272e+04,-3.6749e-16,1.5532e+00
1.0900e+01,1.9481e+01,1.1677e+01,8.2768e+04,8.2768e+04,-3.6749e-16,1.5532e+00
1.0950e+01,1.9630e+01,1.1766e+01,8.3264e+04,8.3265e+04,-3.6749e-16,1.5532e+00
1.1000e+01,1.9779e+01,1.1855e+01,8.3762e+04,8.3763e+04,-3.6749e-16,1.5532e+00
1.1050e+01,1.9928e+01,1.1945e+01,8.4261e+04,8.4261e+04,-3.6749e-16,1.5532e+00
1.1100e+01,2.0077e+01,1.2034e+01,8.4762e+04,8.4762e+04,-3.6749e-16,1.5532e+00
1.1150e+01,2.0227e+01,1.2124e+01,8.5263e+04,8.5263e+04,-3.6749e-16,1.5532e+00
1.1200e+01,2.0378e+01,1.2214e+01,8.5765e+04,8.5765e+04,-3.6749e-16,1.5532e+00
1.1250e+01,2.0528e+01,1.2304e+01,8.6269e+04,8.6269e+04,-3.6749e-16,1.5532e+00
1.1300e+01,2.0679e+01,1.2395e+01,8.6773e+04,8.6773e+04,-3.6749e-16,1.5532e+00
1.1350e+01,2.0830e+01,1.2485e+01,8.7279e+04,8.7279e+04,-3.6749e-16,1.5532e+00
1.1400e+01,2.0981e+01,1.2576e+01,8.7786e+04,8.7786e+04,-3.6749e-16,1.5532e+00
1.1450e+01,2.1133e+01,1.2667e+01,8.8294e+04,8.8294e+04,-3.6749e-16,1.5532e+00
1.1500e+01,2.1285e+01,1.2758e+01,8.8803e+04,8.8803e+04,-3.6749e-16,1.5532e+00
1.1550e+01,2.1438e+01,1.2850e+01,8.9313e+04,8.9313e+04,-3.6749e-16,1.5532e+00
1.1600e+01,2.1590e+01,1.2941e+01,8.9824e+04,8.9824e+04,-3.6749e-16,1.5532e+00
1.1650e+01,2.1744e+01,1.3033e+01,9.0336e+04,9.0337e+04,-3.6749e-16,1.5532e+00
1.1700e+01,2.1897e+01,1.3125e+01,9.0850e+04,9.0850e+04,-3.6749e-16,1.5532e+00
1.1750e+01,2.2187e+01,1.3299e+01,9.1185e+04,9.1185e+04,-3.6749e-16,1.5532e+00
1.1800e+01,2.2205e+01,1.3309e+01,9.1880e+04,9.1880e+04,-3.6749e-16,1.5532e+00
1.1850e+01,2.2359e+01,1.3402e+01,9.2397e+04,9.2397e+04,-3.6749e-16,1.5532e+00
1.1900e+01,2.2514e+01,1.3495e+01,9.2915e+04,9.2915e+04,-3.6749e-16,1.5532e+00
1.1950e+01,2.2668e+01,1.3587e+01,9.3433e+04,9.3434e+04,-3.6749e-16,1.5532e+00
1.2000e+01,2.2824e+01,1.3680e+01,9.3953e+04,9.3954e+04,-3.6749e-16,1.5532e+00
1.2050e+01,2.2979e+01,1.3774e+01,9.4475e+04,9.4475e+04,-3.6749e-16,1.5532e+00
1.2100e+01,2.3135e+01,1.3867e+01,9.4997e+04,9.4998e+04,-3.6749e-16,1.5532e+00
1.2150e+01,2.3291e+01,1.3961e+01,9.5520e+04,9.5521e+04,-3.6749e-16,1.5532e+00
1.2200e+01,2.3448e+01,1.4055e+01,9.6045e+04,9.6046e+04,-3.6749e-16,1.5532e+00
1.2250e+01,2.3605e+01,1.4149e+01,9.6571e+04,9.6571e+04,-3.6749e-16,1.5532e+00
1.2300e+01,2.3762e+01,1.4243e+01,9.7097e+04,9.7098e+04,-3.6749e-16,1.5532e+00
1.2350e+01,2.3919e+01,1.4337e+01,9.7625e+04,9.7626e+04,-3.6749e-16,1.5532e+00
1.2400e+01,2.4077e+01,1.4432e+01,9.8154e+04,9.8155e+04,-3.6749e-16,1.5532e+00
1.2450e+01,2.4235e+01,1.4527e+01,9.8684e+04,9.8685e+04,-3.6749e-16,1.5532e+00
1.2500e+01,2.4394e+01,1.4622e+01,9.9215e+04,9.9216e+04,-3.6749e-16,1.5532e+00
1.2550e+01,2.4552e+01,1.4717e+01,9.9748e+04,9.9748e+04,-3.6749e-16,1.5532e+00
1.2600e+01,2.4712e+01,1.4812e+01,1.0028e+05,1.0028e+05,-3.6749e-16,1.5532e+00
1.2650e+01,2.4871e+01,1.4908e+01,1.0082e+05,1.0082e+05,-3.6749e-16,1.5532e+00
1.2700e+01,2.5031e+01,1.5003e+01,1.0135e+05,1.0135e+05,-3.6749e-16,1.5532e+00
1.2750e+01,2.5191e+01,1.5099e+01,1.0189e+05,1.0189e+05,-3.6749e-16,1.5532e+00
1.2800e+01,2.5351e+01,1.5195e+01,1.0243e+05,1.0243e+05,-3.6749e-16,1.5532e+00
1.2850e+01,2.5512e+01,1.5292e+01,1.0296e+05,1.0297e+05,-3.6749e-16,1.5532e+00
1.2900e+01,2.5673e+01,1.5388e+01,1.0351e+05,1.0351e+05,-3.6749e-16,1.5532e+00
1.2950e+01,2.5834e+01,1.5485e+01,1.0405e+05,1.0405e+05,-3.6749e-16,1.5532e+00
1.3000e+01,2.5995e+01,1.5582e+01,1.0459e+05,1.0459e+05,-3.6749e-16,1.5532e+00
1.3050e+01,2.6157e+01,1.5679e+01,1.0513e+05,1.0513e+05,-3.6749e-16,1.5532e+00
1.3100e+01,2.6320e+01,1.5776e+01,1.0568e+05,1.0568e+05,-3.6749e-16,1.5532e+00
1.3150e+01,2.6482e+01,1.5873e+01,1.0622e+05,1.0622e+05,-3.6749e-16,1.5532e+00
1.3200e+01,2.6645e+01,1.5971e+01,1.0677e+05,1.0677e+05,-3.6749e-16,1.5532e+00
1.3250e+01,2.6808e+01,1.6069e+01,1.0732e+05,1.0732e+05,-3.6749e-16,1.5532e+00
1.3300e+01,2.6972e+01,1.6167e+01,1.0787e+05,1.0787e+05,-3.6749e-16,1.5532e+00
1.3350e+01,2.7135e+01,1.6265e+01,1.0842e+05,1.0842e+05,-3.6749e-16,1.5532e+00
1.3400e+01,2.7300e+01,1.6363e+01,1.0897e+05,1.0897e+05,-3.6749e-16,1.5532e+00
1.3450e+01,2.7464e+01,1.6462e+01,1.0952e+05,1.0952e+05,-3.6749e-16,1.5532e+00
1.3500e+01,2.7629e+01,1.6561e+01,1.1007e+05,1.1007e+05,-3.6749e-16,1.5532e+00
1.3550e+01,2.7794e+01,1.6660e+01,1.1063e+05,1.1063e+05,-3.6749e-16,1.5532e+00
1.3600e+01,2.7959e+01,1.6759e+01,1.1118e+05,1.1118e+05,-3.6749e-16,1.5532e+00
1.3650e+01,2.8125e+01,1.6858e+01,1.1174e+05,1.1174e+05,-3.6749e-16,1.5532e+00
1.3700e+01,2.8291e+01,1.6958e+01,1.1230e+05,1.1230e+05,-3.6749e-16,1.5532e+00
1.3750e+01,2.8457e+01,1.7057e+01,1.1286e+05,1.1286e+05,-3.6749e-16,1.5532e+00
1.3800e+01,2.8624e+01,1.7157e+01,1.1342e+05,1.1342e+05,-3.6749e-16,1.5532e+00
1.3850e+01,2.8791e+01,1.7257e+01,1.1398e+05,1.1398e+05,-3.6749e-16,1.5532e+00
1.3900e+01,2.8958e+01,1.7357e+01,1.1454e+05,1.1454e+05,-3.6749e-16,1.5532e+00
1.3950e+01,2.9126e+01,1.7458e+01,1.1510e+05,1.1511e+05,-3.6749e-16,1.5532e+00
1.4000e+01,2.9294e+01,1.7559e+01,1.1567e+05,1.1567e+05,-3.6749e-16,1.5532e+00
1.4050e+01,2.9462e+01,1.7659e+01,1.1624e+05,1.1624e+05,-3.6749e-16,1.5532e+00
1.4100e+01,2.9630e+01,1.7760e+01,1.1680e+05,1.1680e+05,-3.6749e-16,1.5532e+00
1.4150e+01,2.9799e+01,1.7862e+01,1.1737e+05,1.1737e+05,-3.6749e-16,1.5532e+00
1.4200e+01,2.9968e+01,1.7963e+01,1.1794e+05,1.1794e+05,-3.6749e-16,1.5532e+00
1.4250e+01,3.0138e+01,1.8064e+01,1.1851e+05,1.1851e+05,-3.6749e-16,1.5532e+00
1.4300e+01,3.0307e+01,1.8166e+01,1.1908e+05,1.1908e+05,-3.6749e-16,1.5532e+00
1.4350e+01,3.0477e+01,1.8268e+01,1.1965e+05,1.1965e+05,-3.6749e-16,1.5532e+00
1.4400e+01,3.0648e+01,1.8370e+01,1.2023e+05,1.2023e+05,-3.6749e-16,1.5532e+00
1.4450e+01,3.0819e+01,1.8473e+01,1.2080e+05,1.2080e+05,-3.6749e-16,1.5532e+00
1.4500e+01,3.0990e+01,1.8575e+01,1.2138e+05,1.2138e+05,-3.6749e-16,1.5532e+00
1.4550e+01,3.1161e+01,1.8678e+01,1.2195e+05,1.2195e+05,-3.6749e-16,1.5532e+00
1.4600e+01,3.1332e+01,1.8781e+01,1.2253e+05,1.2253e+05,-3.6749e-16,1.5532e+00
1.4650e+01,3.1504e+01,1.8884e+01,1.2311e+05,1.2311e+05,-3.6749e-16,1.5532e+00
1.4700e+01,3.1677e+01,1.8987e+01,1.2369e+05,1.2369e+05,-3.6749e-16,1.5532e+00
1.4750e+01,3.1849e+01,1.9090e+01,1.2427e+05,1.2427e+05,-3.6749e-16,1.5532e+00
1.4800e+01,3.2022e+01,1.9194e+01,1.2486e+05,1.2486e+05,-3.6749e-16,1.5532e+00
1.4850e+01,3.2195e+01,1.9298e+01,1.2544e+05,1.2544e+05,-3.6749e-16,1.5532e+00
1.4900e+01,3.2369e+01,1.9402e+01,1.2602e+05,1.2602e+05,-3.6749e-16,1.5532e+00
1.4950e+01,3.2542e+01,1.9506e+01,1.2661e+05,1.2661e+05,-3.6749e-16,1.5532e+00
1.5000e+01,3.2716e+01,1.9610e+01,1.2720e+05,1.2720e+05,-3.6749e-16,1.5532e+00
1.5050e+01,3.2891e+01,1.9715e+01,1.2778e+05,1.2778e+05,-3.6749e-16,1.5532e+00
1.5100e+01,3.3065e+01,1.9819e+01,1.2837e+05,1.2837e+05,-3.6749e-16,1.5532e+00
1.5150e+01,3.3240e+01,1.9924e+01,1.2896e+05,1.2896e+05,-3.6749e-16,1.5532e+00
1.5200e+01,3.3416e+01,2.0029e+01,1.2955e+05,1.2955e+05,-3.6749e-16,1.5532e+00
1.5250e+01,3.3591e+01,2.0135e+01,1.3015e+05,1.3015e+05,-3.6749e-16,1.5532e+00
1.5300e+01,3.3767e+01,2.0240e+01,1.3074e+05,1.3074e+05,-3.6749e-16,1.5532e+00
1.5350e+01,3.3944e+01,2.0346e+01,1.3133e+05,1.3134e+05,-3.6749e-16,1.5532e+00
1.5400e+01,3.4120e+01,2.0451e+01,1.3193e+05,1.3193e+05,-3.6749e-16,1.5532e+00
1.5450e+01,3.4297e+01,2.0557e+01,1.3253e+05,1.3253e+05,-3.6749e-16,1.5532e+00
1.5500e+01,3.4474e+01,2.0664e+01,1.3312e+05,1.3313e+05,-3.6749e-16,1.5532e+00
1.5550e+01,3.4651e+01,2.0770e+01,1.3372e+05,1.3373e+05,-3.6749e-16,1.5532e+00
1.5600e+01,3.4829e+01,2.0877e+01,1.3432e+05,1.3432e+05,-3.6749e-16,1.5532e+00
1.5650e+01,3.5007e+01,2.0983e+01,1.3493e+05,1.3493e+05,-3.6749e-16,1.5532e+00
1.5700e+01,3.5185e+01,2.1090e+01,1.3553e+05,1.3553e+05,-3.6749e-16,1.5532e+00
1.5750e+01,3.5364e+01,2.1197e+01,1.3613e+05,1.3613e+05,-3.6749e-16,1.5532e+00
1.5800e+01,3.5543e+01,2.1304e+01,1.3674e+05,1.3674e+05,-3.6749e-16,1.5532e+00
1.5850e+01,3.5722e+01,2.1412e+01,1.3734e+05,1.3734e+05,-3.6749e-16,1.5532e+00
1.5900e+01,3.5902e+01,2.1519e+01,1.3795e+05,1.3795e+05,-3.6749e-16,1.5532e+00
1.5950e+01,3.6082e+01,2.1627e+01,1.3856e+05,1.3856e+05,-3.6749e-16,1.5532e+00
1.6000e+01,3.6262e+01,2.1735e+01,1.3916e+05,1.3917e+05,-3.6749e-16,1.5532e+00
1.6050e+01,3.6442e+01,2.1843e+01,1.3977e+05,1.3978e+05,-3.6749e-16,1.5532e+00
1.6100e+01,3.6623e+01,2.1952e+01,1.4039e+05,1.4039e+05,-3.6749e-16,1.5532e+00
1.6150e+01,3.6804e+01,2.2060e+01,1.4100e+05,1.4100e+05,-3.6749e-16,1.5532e+00
1.6200e+01,3.6985e+01,2.2169e+01,1.4161e+05,1.4161e+05,-3.6749e-16,1.5532e+00
1.6250e+01,3.7167e+01,2.2278e+01,1.4222e+05,1.4223e+05,-3.6749e-16,1.5532e+00
1.6300e+01,3.7349e+01,2.2387e+01,1.4284e+05,1.4284e+05,-3.6749e-16,1.5532e+00
1.6350e+01,3.7531e+01,2.2496e+01,1.4346e+05,1.4346e+05,-3.6749e-16,1.5532e+00
1.6400e+01,3.7714e+01,2.2605e+01,1.4407e+05,1.4408e+05,-3.6749e-16,1.5532e+00
1.6450e+01,3.7896e+01,2.2715e+01,1.4469e+05,1.4469e+05,-3.6749e-16,1.5532e+00
1.6500e+01,3.8080e+01,2.2825e+01,1.4531e+05,1.4531e+05,-3.6749e-16,1.5532e+00
1.6550e+01,3.8263e+01,2.2935e+01,1.4593e+05,1.4593e+05,-3.6749e-16,1.5532e+00
1.6600e+01,3.8447e+01,2.3045e+01,1.4656e+05,1.4656e+05,-3.6749e-16,1.5532e+00
1.6650e+01,3.8631e+01,2.3155e+01,1.4718e+05,1.4718e+05,-3.6749e-16,1.5532e+00
1.6700e+01,3.8815e+01,2.3266e+01,1.4780e+05,1.4780e+05,-3.6749e-16,1.5532e+00
1.6750e+01,3.8999e+01,2.3376e+01,1.4843e+05,1.4843e+05,-3.6749e-16,1.5532e+00
1.6800e+01,3.9184e+01,2.3487e+01,1.4906e+05,1.4905e+05,-3.6749e-16,1.5532e+00
1.6850e+01,3.9370e+01,2.3598e+01,1.4968e+05,1.4968e+05,-3.6749e-16,1.5532e+00
1.6900e+01,3.9555e+01,2.3709e+01,1.5031e+05,1.5031e+05,-3.6749e-16,1.5532e+00
1.6950e+01,3.9741e+01,2.3821e+01,1.5094e+05,1.5094e+05,-3.6749e-16,1.5532e+00
1.7000e+01,3.9927e+01,2.3932e+01,1.5157e+05,1.5157e+05,-3.6749e-16,1.5532e+00
1.7050e+01,4.0113e+01,2.4044e+01,1.5220e+05,1.5220e+05,-3.6749e-16,1.5532e+00
1.7100e+01,4.0300e+01,2.4156e+01,1.5284e+05,1.5284e+05,-3.6749e-16,1.5532e+00
1.7150e+01,4.0487e+01,2.4268e+01,1.5347e+05,1.5347e+05,-3.6749e-16,1.5532e+00
1.7200e+01,4.0674e+01,2.4380e+01,1.5410e+05,1.5410e+05,-3.6749e-16,1.5532e+00
1.7250e+01,4.0861e+01,2.4492e+01,1.5474e+05,1.5474e+05,-3.6749e-16,1.5532e+00
1.7300e+01,4.1049e+01,2.4605e+01,1.5538e+05,1.5538e+05,-3.6749e-16,1.5532e+00
1.7350e+01,4.1237e+01,2.4718e+01,1.5602e+05,1.5602e+05,-3.6749e-16,1.5532e+00
1.7400e+01,4.1426e+01,2.4830e+01,1.5666e+05,1.5666e+05,-3.6749e-16,1.5532e+00
1.7450e+01,4.1614e+01,2.4944e+01,1.5730e+05,1.5730e+05,-3.6749e-16,1.5532e+00
1.7500e+01,4.1803e+01,2.5057e+01,1.5794e+05,1.5794e+05,-3.6749e-16,1.5532e+00
1.7550e+01,4.1992e+01,2.5170e+01,1.5858e+05,1.5858e+05,-3.6749e-16,1.5532e+00
1.7600e+01,4.2182e+01,2.5284e+01,1.5922e+05,1.5922e+05,-3.6749e-16,1.5532e+00
1.7650e+01,4.2372e+01,2.5398e+01,1.5987e+05,1.5987e+05,-3.6749e-16,1.5532e+00
1.7700e+01,4.2562e+01,2.5512e+01,1.6051e+05,1.6051e+05,-3.6749e-16,1.5532e+00
1.7750e+01,4.2752e+01,2.5626e+01,1.6116e+05,1.6116e+05,-3.6749e-16,1.5532e+00
1.7800e+01,4.2943e+01,2.5740e+01,1.6181e+05,1.6181e+05,-3.6749e-16,1.5532e+00
1.7850e+01,4.3134e+01,2.5854e+01,1.6246e+05,1.6246e+05,-3.6749e-16,1.5532e+00
1.7900e+01,4.3477e+01,2.6060e+01,1.6297e+05,1.6298e+05,-3.6749e-16,1.5532e+00
1.7950e+01,4.3517e+01,2.6084e+01,1.6376e+05,1.6376e+05,-3.6749e-16,1.5532e+00
1.8000e+01,4.3708e+01,2.6199e+01,1.6441e+05,1.6441e+05,-3.6749e-16,1.5532e+00
1.8050e+01,4.3900e+01,2.6314e+01,1.6506e+05,1.6507e+05,-3.6749e-16,1.5532e+00
1.8100e+01,4.4093e+01,2.6429e+01,1.6572e+05,1.6572e+05,-3.6749e-16,1.5532e+00
1.8150e+01,4.4285e+01,2.6545e+01,1.6637e+05,1.6638e+05,-3.6749e-16,1.5532e+00
1.8200e+01,4.4478e+01,2.6660e+01,1.6703e+05,1.6703e+05,-3.6749e-16,1.5532e+00
1.8250e+01,4.4672e+01,2.6776e+01,1.6769e+05,1.6769e+05,-3.6749e-16,1.5532e+00
1.8300e+01,4.4865e+01,2.6892e+01,1.6835e+05,1.6835e+05,-3.6749e-16,1.5532e+00
1.8350e+01,4.5059e+01,2.7008e+01,1.6901e+05,1.6901e+05,-3.6749e-16,1.5532e+00
1.8400e+01,4.5253e+01,2.7125e+01,1.6967e+05,1.6967e+05,-3.6749e-16,1.5532e+00
1.8450e+01,4.5447e+01,2.7241e+01,1.7033e+05,1.7033e+05,-3.6749e-16,1.5532e+00
1.8500e+01,4.5642e+01,2.7358e+01,1.7099e+05,1.7099e+05,-3.6749e-16,1.5532e+00
1.8550e+01,4.5837e+01,2.7475e+01,1.7166e+05,1.7166e+05,-3.6749e-16,1.5532e+00
1.8600e+01,4.6032e+01,2.7592e+01,1.7232e+05,1.7232e+05,-3.6749e-16,1.5532e+00
1.8650e+01,4.6228e+01,2.7709e+01,1.7299e+05,1.7299e+05,-3.6749e-16,1.5532e+00
1.8700e+01,4.6423e+01,2.7826e+01,1.7365e+05,1.7365e+05,-3.6749e-16,1.5532e+00
1.8750e+01,4.6619e+01,2.7944e+01,1.7432e+05,1.7432e+05,-3.6749e-16,1.5532e+00
1.8800e+01,4.6816e+01,2.8061e+01,1.7499e+05,1.7499e+05,-3.6749e-16,1.5532e+00
1.8850e+01,4.7012e+01,2.8179e+01,1.7566e+05,1.7566e+05,-3.6749e-16,1.5532e+00
1.8900e+01,4.7209e+01,2.8297e+01,1.7633e+05,1.7633e+05,-3.6749e-16,1.5532e+00
1.8950e+01,4.7406e+01,2.8415e+01,1.7700e+05,1.7701e+05,-3.6749e-16,1.5532e+00
1.9000e+01,4.7604e+01,2.8533e+01,1.7768e+05,1.7768e+05,-3.6749e-16,1.5532e+00
1.9050e+01,4.7801e+01,2.8652e+01,1.7835e+05,1.7835e+05,-3.6749e-16,1.5532e+00
1.9100e+01,4.7999e+01,2.8771e+01,1.7903e+05,1.7903e+05,-3.6749e-16,1.5532e+00
1.9150e+01,4.8197e+01,2.8889e+01,1.7970e+05,1.7971e+05,-3.6749e-16,1.5532e+00
1.9200e+01,4.8396e+01,2.9008e+01,1.8038e+05,1.8038e+05,-3.6749e-16,1.5532e+00
1.9250e+01,4.8595e+01,2.9128e+01,1.8106e+05,1.8106e+05,-3.6749e-16,1.5532e+00
1.9300e+01,4.8794e+01,2.9247e+01,1.8174e+05,1.8174e+05,-3.6749e-16,1.5532e+00
1.9350e+01,4.8993e+01,2.9366e+01,1.8242e+05,1.8242e+05,-3.6749e-16,1.5532e+00
1.9400e+01,4.9193e+01,2.9486e+01,1.8310e+05,1.8310e+05,-3.6749e-16,1.5532e+00
1.9450e+01,4.9393e+01,2.9606e+01,1.8378e+05,1.8379e+05,-3.6749e-16,1.5532e+00
1.9500e+01,4.9593e+01,2.9726e+01,1.8447e+05,1.8447e+05,-3.6749e-16,1.5532e+00
1.9550e+01,4.9793e+01,2.9846e+01,1.8515e+05,1.8515e+05,-3.6749e-16,1.5532e+00
1.9600e+01,4.9994e+01,2.9966e+01,1.8584e+05,1.8584e+05,-3.6749e-16,1.5532e+00
1.9650e+01,5.0195e+01,3.0087e+01,1.8653e+05,1.8653e+05,-3.6749e-16,1.5532e+00
1.9700e+01,5.0396e+01,3.0207e+01,1.8721e+05,1.8722e+05,-3.6749e-16,1.5532e+00
1.9750e+01,5.0598e+01,3.0328e+01,1.8790e+05,1.8790e+05,-3.6749e-16,1.5532e+00
1.9800e+01,5.0800e+01,3.0449e+01,1.8859e+05,1.8859e+05,-3.6749e-16,1.5532e+00
1.9850e+01,5.1002e+01,3.0570e+01,1.8928e+05,1.8929e+05,-3.6749e-16,1.5532e+00
1.9900e+01,5.1204e+01,3.0692e+01,1.8998e+05,1.8998e+05,-3.6749e-16,1.5532e+00
1.9950e+01,5.1407e+01,3.0813e+01,1.9067e+05,1.9067e+05,-3.6749e-16,1.5532e+00
2.0000e+01,5.1610e+01,3.0935e+01,1.9136e+05,1.9136e+05,-3.6749e-16,1.5532e+00
